eps1= 5.00e-05 ndets= 24087 energy_var= -15.78124480
eps1= 2.00e-05 ndets= 40938 energy_var= -15.78125271
eps1= 1.00e-05 ndets= 58251 energy_var= -15.78125419
