eps1= 2.00e-04 ndets= 125585 energy_var= -1049.93075196
eps1= 1.00e-04 ndets= 272490 energy_var= -1049.93158922
eps1= 5.00e-05 ndets= 562070 energy_var= -1049.93202855
eps1= 2.00e-05 ndets= 1472252 energy_var= -1049.93233256
