eps1= 5.00e-04 ndets= 167675 energy_var= -109.33505429
eps1= 2.00e-04 ndets= 575763 energy_var= -109.33893928
eps1= 1.00e-04 ndets= 1391466 energy_var= -109.34025539
eps1= 5.00e-05 ndets= 3133847 energy_var= -109.34094787
